(
1143975
3813623
2610441
1811808
6061765
9874955
4883492
2640799
7792174
3874297
363713
3447046
5011081
6185302
7527484
8391590
5685202
9656425
9963549
3246920
6465642
1112329
9979384
9587489
9157609
851127
4265149
6675161
6405733
2708703
8326657
2385503
6836205
1903576
2328382
6209554
4183370
4751707
3642670
8296705
4405354
9192331
3921761
2962565
1548737
5091866
6344166
3228348
110521
1922880
685188
7433824
1187836
5578790
6668517
5764074
1411217
1044862
6400142
6931599
5078545
9483681
4489374
7879929
962405
7756342
6456210
1691182
3773382
3116007
506655
7494996
3416619
1502007
3284499
7390571
2319179
1708746
3390324
6282540
9559282
7587708
5760647
5015780
2056136
5382313
1992022
1031212
1640768
1562722
9187323
8394331
7098701
399208
6390856
5853352
2531114
5701
3920687
1408879
9674837
5537757
911990
1031760
6647022
5230500
7570034
9331417
9660157
3830116
7573268
6312260
9772102
8007381
6678348
2777561
7704012
6689479
4378100
5850403
3240047
3724125
7396617
1982428
2311032
6047178
1123326
6152961
8143007
9178378
4668854
7094182
440792
6523585
8809562
2170979
8454452
7947085
1613612
3337432
317420
2209053
6411110
4683557
8087439
9387003
3164885
691987
3802064
6145783
4203328
5184850
3195806
139257
7484919
5505795
1079905
8510955
4064662
317476
9898716
710424
3342649
2800901
5176516
1259189
6531048
6879331
4585403
39744
4159811
6881519
2772504
4631501
5229484
1091979
4167343
3375641
3461129
8960098
7008573
1478331
2096881
6865472
2274144
2102028
5370249
3571735
8240353
9723019
8030168
2567812
5342259
8330656
787867
1550299
9763528
8717709
9046214
1031553
4310027
8959582
3763440
4914639
4201664
9997451
7822057
8887480
4642898
8222966
3277482
2603297
5695092
8170931
6015842
41957
5749978
9165019
4717773
4895488
9064369
8527740
2266807
7859746
9774454
1645858
3444664
3754409
614050
1959554
6349348
5722615
6297099
9313899
4484945
817576
735169
7783260
98793
8750129
1324449
4672236
1809593
1283654
2462978
5573868
8569277
1186291
3091738
2417253
2854602
2123518
6174669
8664572
2904127
4460037
9447762
8658700
2659653
9592056
1724352
1295923
3754682
7939989
421738
3873360
8132982
2446765
4914377
4705395
4591107
102721
665859
3461722
3656410
5900481
8300998
2798533
9400579
4850588
8910449
3886018
5487849
7314393
5978566
3495459
3718448
8165672
5310001
3527910
5293926
9747530
7535980
2059427
7973866
6478453
7997118
3597208
3513946
1550688
4978114
7708366
9676941
4815819
5284586
5815039
1695889
9365017
4207649
5439121
2064939
3170036
4468562
3290105
6736528
7853075
9577155
2638330
1753764
787229
6452549
6893899
7885074
8355340
8743752
5292396
7370682
2358914
8332194
7116718
5767478
289115
7857667
6902919
9549959
3295308
1893732
606818
8348187
4445959
2743116
1719318
3872964
3706284
1313224
477543
6309821
4538772
3570359
2257730
6966314
2848231
1036992
7454474
4217409
7788070
800279
4526142
5821290
79286
1887975
6718865
5883661
1767894
9431283
1670676
9337878
2535569
1604706
1806552
4953015
4445012
72072
9613035
3681505
5524139
950473
1169238
1887675
950165
7523853
1975960
3693191
9655896
5420354
7619735
6294094
9960713
9143235
9126601
5370418
4022047
5228159
6447395
1602719
8719220
3836235
4081769
9202374
4397822
5880998
274347
8026616
4698999
7532507
19467
4669264
8116667
7667305
2315897
7274167
5952370
3246646
2225812
3187434
2567995
5073342
1601781
117220
2362488
257376
7965973
5229179
7471706
7703363
7707293
9385952
9243404
50758
5488914
2851010
1225889
9719809
584171
5021551
5135122
1433786
7959383
3226042
3668760
3156309
7984308
9711931
4886741
1054564
6415345
9803717
7885786
7889269
9619426
3698069
3160166
2945072
600659
6221370
7106234
8239590
8946036
2381972
567361
3110376
9089075
2017329
7587428
3698575
8364925
2917726
4804278
5990689
3297244
6573798
5668194
8163102
698788
7499266
4979061
2845614
9773421
2651618
7032383
8198507
2370695
7528158
5852945
2363303
4982382
3505653
9203137
5403594
6956679
3566867
6456831
3361437
8014770
5176525
6927556
1518718
8157067
8801548
9646852
4407582
9870056
7597177
7125649
7719480
6125004
7620388
4257096
8013516
2033006
8021604
4991537
7000799
1521320
964113
9808801
5583667
5843844
2385851
4816452
8596026
4335712
2682534
7310
9144139
9433120
1544569
1729772
1692356
2409604
2761845
5997530
4101327
9726865
2648394
9879004
7294307
3394042
3619339
3924799
9270012
3134411
2222201
6870306
9832541
1637594
2926634
5461333
9513733
485936
8091901
3393649
3748031
3631045
5939720
4794138
4076527
4647103
2703921
1188671
1489733
6228930
5521450
8626652
1277036
4112169
1099302
5280429
8377240
968132
9305847
2193171
6392243
2150317
9638477
8568819
1977941
9984764
6814161
9279287
6138010
7268370
4658194
5506419
4614064
2179848
9387242
9563955
5418020
5863930
6204272
7563146
879954
3279118
4770190
7453420
4544941
2339664
9302799
153327
3445386
9876927
5116482
3482162
1253137
9747267
9662803
9524970
2153958
9991088
1573416
5113772
8183192
7683862
9832792
5441585
1272762
5753285
5092097
7930409
5412830
8397546
4578992
2743260
3173560
27881
1954816
7936169
1745111
1159367
9321585
1620975
2284241
601780
9295067
6114170
5093527
1299237
1282415
7062940
9301302
4633273
7413554
4530329
754763
795123
2493952
9179818
730274
5141890
8419315
261991
8518181
1219932
5906743
4686310
1853885
6061037
9399010
1219376
5508762
6912618
3828192
9888142
7572465
7056497
7503300
4585309
4303092
6653799
5189943
3738319
3445565
3121137
4101668
6210211
963973
1263071
2447519
1029408
434520
4765442
3407011
6351717
9647910
9052812
4130756
716649
8136204
3200679
392434
4637087
1752852
617251
9030090
7983379
9495180
9476383
5481222
3705062
4305323
6363185
1550534
2111818
4817844
7925190
2681443
4582350
8789483
528194
8742928
7793290
4477085
6754853
6113804
39630
2290057
6772355
1344945
1464826
5716823
1964998
3948585
2450581
8739095
931909
2955735
1689268
9919839
1230957
9836094
8578882
477094
9606091
2664263
5047409
2232121
2920048
3002557
6264153
7226005
9070093
3220542
3125630
6434799
9436506
9450386
4394586
7014077
6842257
268590
2659437
8940684
1114316
4995983
64087
4800372
615296
5543618
9044745
3597002
7454582
707608
9404372
3024134
7578949
3482074
7809301
5038054
3888200
3275065
6902336
5968343
765993
8822723
635348
8801607
45248
6683401
2553395
7504753
6098471
6402785
4617916
2492601
8044102
4405493
7031515
187580
4083709
2459252
2430441
395886
8414342
6419709
2150001
312433
7364998
3860857
1936850
4761837
1579864
6632747
6331466
3373430
7291988
136713
8039556
3349775
9243291
4027452
1400371
2099753
4656272
3159021
6503223
349900
3238232
7516693
7477708
2300420
8563545
33765
5386446
909541
7065680
2656629
7002985
2954711
7871486
2745165
9670132
195919
2075675
279736
6060383
2419006
3727350
210689
3177371
2667235
8138719
4726660
5606365
5864047
3771235
3340300
9944756
9227950
2359686
8959590
8833078
2236246
7250954
764967
9802838
6104688
5918272
7378219
4021120
7074930
7135871
171154
8126576
8428395
1625236
8107953
6251013
4119670
9164037
2207147
5202948
1731942
9294750
557901
2336657
2051632
8557038
441863
1620434
8685454
5929389
9891051
9233124
9387634
7742117
5445026
5545211
7346309
1232794
8227884
107028
2346428
9905758
4908497
9761313
9675029
6605654
9317339
533720
3694835
217657
3906300
495907
7913007
7674022
7148376
3738284
6161827
4835462
5265830
4200958
1978139
583964
5713514
3749952
322973
5900393
9617935
1471529
1140386
8231352
3136859
5670252
4717189
5814669
6840024
947095
9951147
9419312
7599107
3983072
7082134
3058343
9344093
3253418
3664980
4721966
3054368
8047661
6641704
9960703
6108826
771940
4797994
4503154
6608675
2849774
4391549
6926364
1981252
8899241
7867119
8005003
2163634
6504087
3300062
7323838
2166910
8977478
6619186
997805
2204819
7064259
3295725
1057807
5174413
7381423
8680898
9484912
4247896
1297822
619806
7218349
6139744
2721980
668552
9406210
6252333
563364
9946640
1788657
494475
21426
5300082
2278167
6822182
5300176
6345035
1582213
2658305
8326791
5632810
7391004
4151828
9181676
7433729
7813833
673827
2781259
72489
4182588
5379724
7756496
5998390
2997031

)
